16
13
23
9
10
13
13
16
18
6
18
11
21
18
7
20
17
11
8
13
13
12
9
9
20
10
17
11
16
9
9
9
8
8
13
13
8
14
11
21
13
5
10
11
12
16
7
16
6
8
13
7
12
15
7
15
12
12
11
8
10
13
11
8
27
7
28
11
4
4
7
14
8
17
13
25
10
19
26
3
26
34
5
8
6
7
7
9
22
18
11
11
4
9
11
20
13
5
9
10
9
5
8
7
12
16
8
17
11
7
19
11
18
16
9
15
12
15
7
8
9
5
9
5
14
9
10
8
13
21
10
15
13
3
10
10
13
13
7
9
14
9
6
8
13
9
5
13
9
14
16
6
17
9
5
11
8
10
8
8
18
5
19
10
15
5
5
6
3
6
7
7
7
6
11
10
14
16
3
5
7
15
10
6
15
9
4
14
15
18
7
16
10
16
21
10
21
13
17
11
17
18
13
15
7
15
19
11
15
16
14
9
11
7
12
15
10
16
19
8
16
15
5
12
17
18
16
7
14
11
5
11
14
18
12
9
12
8
12
11
8
5
7
7
8
3
5
6
7
6
10
8
12
12
14
13
2
14
12
4
5
15
6
6
6
7
6
12
8
14
6
17
6
6
3
9
7
15
11
4
24
7
11
7
7
10
9
14
16
11
10
8
9
4
5
6
5
16
11
10
9
12
7
9
15
2
16
9
7
7
9
8
9
10
7
12
8
14
11
14
7
13
9
16
7
18
9
7
6
9
16
11
17
19
20
9
15
9
7
7
16
7
9
19
12
6
4
8
14
12
13
15
8
21
3
13
7
18
14
9
28
5
9
6
8
10
8
15
17
10
13
10
15
7
6
5
4
19
16
11
6
10
9
12
19
1
15
7
8
9
11
11
7
14
12
16
14
9
15
9
16
6
19
9
9
7
12
11
14
17
15
11
11
14
5
18
12
5
9
10
19
5
8
11
16
12
10
18
6
9
6
5
5
5
6
5
5
2
6
7
5
2
12
5
8
5
5
12
12
14
1
20
3
8
5
5
12
4
3
5
6
5
10
6
3
10
11
18
10
22
8
4
11
7
10
12
6
17
11
13
18
11
11
11
11
8
7
5
12
8
9
14
9
4
11
8
10
15
12
9
10
11
11
7
26
6
16
3
11
8
6
9
7
8
9
10
9
8
12
10
5
15
4
6
7
19
8
11
13
15
9
11
13
6
13
15
12
11
10
12
16
16
15
14
8
13
24
7
8
12
10
10
8
7
7
15
9
17
16
9
8
11
11
6
16
15
17
5
7
10
13
8
9
13
11
8
10
6
7
16
11
16
9
9
12
9
11
10
17
9
19
13
16
9
10
7
6
8
17
9
11
11
8
13
13
8
13
22
12
6
8
7
8
11
8
20
6
10
9
7
7
9
4
6
5
8
10
11
8
9
12
8
3
5
14
7
7
8
5
9
9
11
15
9
4
10
17
16
11
13
12
14
13
11
20
25
18
19
12
15
8
9
21
12
11
20
9
15
15
15
23
20
6
13
14
19
16
12
12
20
14
6
7
6
3
11
6
10
22
8
9
10
12
21
18
12
7
4
10
15
6
11
4
10
13
11
12
8
7
12
13
27
7
7
8
4
5
4
9
13
13
19
8
16
17
22
13
5
3
34
7
7
6
4
11
10
28
9
5
9
10
12
7
8
9
12
5
8
5
7
8
12
10
10
5
8
9
12
11
9
6
3
8
11
9
6
14
11
10
17
16
8
16
9
6
8
14
4
9
8
6
5
8
14
10
15
20
14
9
3
8
8
12
6
11
9
9
11
11
6
8
5
12
13
14
19
16
17
15
23
13
4
6
32
10
11
9
5
6
23
12
10
5
15
11
12
7
12
14
9
6
11
7
14
8
6
10
7
10
13
13
13
18
7
4
9
10
14
5
13
9
2
3
11
7
12
6
3
5
5
4
5
8
14
6
10
16
12
7
0
5
6
9
4
8
6
19
7
8
7
3
1
9
5
2
4
7
5
8
9
14
8
1
15
5
4
10
9
9
5
10
14
8
10
4
6
6
7
13
5
9
9
14
15
18
12
7
3
8
14
6
10
12
10
16
12
7
11
6
6
15
8
10
7
11
9
5
16
14
8
7
10
8
7
4
9
8
13
9
6
7
9
19
11
16
16
3
8
8
14
5
12
15
11
12
10
16
15
10
7
4
16
7
6
9
7
11
4
13
15
11
7
6
12
13
16
7
14
11
8
5
17
9
4
11
8
9
10
15
7
16
8
8
18
20
19
6
2
5
20
8
7
5
6
14
18
11
9
5
7
4
4
7
13
5
7
5
11
9
10
10
8
9
14
22
9
3
6
7
6
29
10
8
4
14
5
13
10
3
9
8
20
10
29
0
3
14
25
4
4
5
3
8
17
5
15
8
9
8
7
11
4
8
11
19
0
4
5
8
4
11
6
16
5
5
9
27
5
7
7
5
8
21
17
14
14
13
12
7
10
13
9
8
6
1
7
5
6
8
6
8
11
11
7
12
30
15
12
6
12
3
11
14
9
9
12
6
13
9
2
6
9
8
12
6
10
11
7
4
7
16
7
10
14
15
12
11
3
7
10
12
12
7
10
8
3
8
2
6
7
11
8
7
11
9
10
8
10
8
13
11
19
5
5
6
9
