2.6655
2.5856
2.7239999999999993
2.7539999999999996
1.5102999999999995
2.1559999999999993
0
2.537299999999999
2.4342000000000006
2.5419
1.6639999999999995
2.289599999999999
2.5777999999999994
1.3864
2.444699999999999
1.6014
1.0264
1.3292
1.017
1.3471
1.2746
0
1.01
1.0239
1.0576
1.0228
1.0264
1.0196
0.5106
1.6173999999999997
0.5277
1.3346999999999998
1.1502999999999999
1.1306
1.1804
1.0924999999999998
1.1815
1.1709999999999998
1.1495
1.0624999999999996
1.0870999999999997
1.0580999999999998
1.1442
1.132
1.0780999999999998
1.1391
1.1149999999999998
1.1795999999999998
1.8879
1.6528999999999998
1.4733999999999998
1.5040999999999998
1.6841999999999997
1.4514999999999996
0
1.6078
1.4899
1.1928999999999996
1.4019
1.5998999999999999
1.5891999999999997
1.3706
1.1332
2.7248999999999994
3.1226999999999983
2.9423999999999997
2.7375
1.2726999999999995
1.9492999999999998
1.4991999999999999
2.119
1.8589999999999995
1.7386999999999997
1.3805999999999998
2.7640999999999996
2.8943
1.3737999999999995
1.7492
1.1205999999999996
2.3301000000000003
1.97
1.6998999999999997
2.1576000000000004
1.8083999999999998
1.7274999999999998
0.30720000000000003
0.9005000000000001
0.8485
1.3729000000000002
0.6060000000000001
0.45520000000000005
1.7209999999999999
2.812
1.244
1.7686000000000002
1.7619999999999998
1.7167999999999997
1.4265999999999999
1.7278999999999998
1.4609999999999996
1.5122999999999998
1.3515
1.6970999999999998
1.4843999999999997
2.0134
1.5944
1.5125
